Eigvals	70
2.10868223561	0.68118436025	0.44570194994	0.369677131968	0.164531238834	0.152532028275	0.123950627885	0.0930927521436	0.0695993602327	0.0595166134434	0.056431254751	0.0339652354716	0.027012374827	0.0250155253533	0.0208491964337	0.0157379627925	0.0144899072651	0.0120674098483	0.00797663233165	0.00530368146517	0.00496508116893	0.00337318899408	0.0029342374952	0.00232818856384	0.00180726993252	0.000782921785132	0.0	0.0	0.0	0.0	0.0	0.0	0.0	0.0	0.0	0.0	0.0	0.0	0.0	0.0	0.0	0.0	0.0	0.0	0.0	0.0	0.0	0.0	0.0	0.0	0.0	0.0	0.0	0.0	0.0	0.0	0.0	0.0	0.0	0.0	0.0	0.0	0.0	0.0	0.0	0.0	0.0	0.0	0.0	0.0

Proportion explained	70
0.468231002085	0.151256377191	0.0989677188567	0.0820864761066	0.036534014245	0.0338696002855	0.0275231259238	0.0206711622486	0.0154544756132	0.0132156107178	0.0125305095831	0.00754195012049	0.00599807364067	0.00555467500322	0.00462954539757	0.00349460054468	0.00321747093245	0.00267955755042	0.00177120406614	0.00117767771988	0.00110249182731	0.000749013595434	0.00065154480819	0.000516972185701	0.0004013026701	0.00017384708128	0.0	0.0	0.0	0.0	0.0	0.0	0.0	0.0	0.0	0.0	0.0	0.0	0.0	0.0	0.0	0.0	0.0	0.0	0.0	0.0	0.0	0.0	0.0	0.0	0.0	0.0	0.0	0.0	0.0	0.0	0.0	0.0	0.0	0.0	0.0	0.0	0.0	0.0	0.0	0.0	0.0	0.0	0.0	0.0

Species	0	0

Site	70	70
Alphitonia.philippinensis	0.286370225774	0.00864818081584	-0.102492525246	0.111465928731	-0.0504037754088	0.00944403075257	-0.016718592597	0.0197091073817	-0.0292334521236	0.0469693133098	-0.0177423054005	0.0440662749475	-0.0184076754642	0.00353018064415	-0.00503305940947	0.0124762748833	-0.00245634427658	-0.00369659829604	0.0105525275647	-0.019074020423	-0.00765677639771	0.00598499175645	0.00990625430039	0.00126855759438	0.00346762969252	0.000729366593383	0.0	0.0	0.0	0.0	0.0	0.0	0.0	0.0	0.0	0.0	0.0	0.0	0.0	0.0	0.0	0.0	0.0	0.0	0.0	0.0	0.0	0.0	0.0	0.0	0.0	0.0	0.0	0.0	0.0	0.0	0.0	0.0	0.0	0.0	0.0	0.0	0.0	0.0	0.0	0.0	0.0	0.0	0.0	0.0
Berchemia.floribunda	-0.0506633510877	0.0810933774036	-0.0127465614362	-0.0503732502066	-0.00480526103963	0.0199181612575	0.00600492182289	0.0135202028392	0.00378326000712	0.0367607089505	-0.00348903099794	-0.00435967710505	-0.00537972203701	0.00320659180265	-0.00996142602744	0.00895422755815	0.00133035009172	0.000805916257002	0.00900992361888	0.00377730250765	-0.0135316397202	-0.0135201347759	-0.0107498730337	-0.00392200108658	0.00226317875924	0.00117738306219	0.0	0.0	0.0	0.0	0.0	0.0	0.0	0.0	0.0	0.0	0.0	0.0	0.0	0.0	0.0	0.0	0.0	0.0	0.0	0.0	0.0	0.0	0.0	0.0	0.0	0.0	0.0	0.0	0.0	0.0	0.0	0.0	0.0	0.0	0.0	0.0	0.0	0.0	0.0	0.0	0.0	0.0	0.0	0.0
Berchemia.giraldiana	-0.0525069376911	0.0968704497382	-0.019593873196	-0.04200154342	-0.0274738390066	0.0458125046932	0.00537297407139	0.00817962765067	-0.00682146104366	-0.0073618169201	0.00101632753623	0.00110913830988	-0.033922800622	-0.00770022295574	0.00142708433759	0.0114761959986	0.007772536175	-0.0136779984277	-0.000496790586393	9.00012149872e-05	-0.0122456574441	-0.00235471320881	0.000710972078495	-0.0011350928915	-0.000749039486468	0.00548079487988	0.0	0.0	0.0	0.0	0.0	0.0	0.0	0.0	0.0	0.0	0.0	0.0	0.0	0.0	0.0	0.0	0.0	0.0	0.0	0.0	0.0	0.0	0.0	0.0	0.0	0.0	0.0	0.0	0.0	0.0	0.0	0.0	0.0	0.0	0.0	0.0	0.0	0.0	0.0	0.0	0.0	0.0	0.0	0.0
Berchemia.hirtella	-0.107956158006	0.0874730539331	-0.250834963202	0.0201754316827	-0.0719498014708	-0.0738484312659	-0.0673230785663	-0.0531137294262	-0.005296196606	-0.040608285627	0.0357626878566	0.00669279887774	-0.0105817756158	-0.00333935301536	0.0162381364014	0.00768179430154	-0.00649211741876	0.0155453727381	-0.00977307300787	-0.00239115188347	-0.00201105904628	0.000994806094884	-0.0035162985433	-0.00137726923532	0.00240925433155	0.0016090658862	0.0	0.0	0.0	0.0	0.0	0.0	0.0	0.0	0.0	0.0	0.0	0.0	0.0	0.0	0.0	0.0	0.0	0.0	0.0	0.0	0.0	0.0	0.0	0.0	0.0	0.0	0.0	0.0	0.0	0.0	0.0	0.0	0.0	0.0	0.0	0.0	0.0	0.0	0.0	0.0	0.0	0.0	0.0	0.0
Berchemia.huana	-0.125416347584	-0.00924744499539	0.0141698645908	0.00829843920917	-0.00976651069942	0.00601591893638	-0.013800992036	-0.0148488114507	-0.00279321822585	-0.0313710147441	-0.0254857136194	0.0298488905728	0.00632038039737	-0.00791133057792	-0.00203173555998	-0.0181491412429	0.00378650045427	-0.0107147272433	0.00769557633466	-0.00567129754994	0.00103981964973	0.0114621671932	-0.00510699554308	-0.00111814437719	0.00160082765177	-0.00218151168413	0.0	0.0	0.0	0.0	0.0	0.0	0.0	0.0	0.0	0.0	0.0	0.0	0.0	0.0	0.0	0.0	0.0	0.0	0.0	0.0	0.0	0.0	0.0	0.0	0.0	0.0	0.0	0.0	0.0	0.0	0.0	0.0	0.0	0.0	0.0	0.0	0.0	0.0	0.0	0.0	0.0	0.0	0.0	0.0
Berchemia.kulingensis	-0.0372536390318	0.0419272891019	0.0283587553093	-0.0518790214798	-0.0175875121098	0.0500461773343	0.00489482621508	-0.00698845828381	0.00358604119199	-0.0176828477383	0.00439379557509	-0.0185502146593	-0.0284675032067	0.000325730842649	-0.0162717219155	0.00933300579463	0.00259710360974	-0.0159424481833	-0.0178300071695	0.0103204691492	0.00742656256454	-0.00575002966409	-0.00495592349632	0.000334281341777	0.0150391874844	-0.00200105760927	0.0	0.0	0.0	0.0	0.0	0.0	0.0	0.0	0.0	0.0	0.0	0.0	0.0	0.0	0.0	0.0	0.0	0.0	0.0	0.0	0.0	0.0	0.0	0.0	0.0	0.0	0.0	0.0	0.0	0.0	0.0	0.0	0.0	0.0	0.0	0.0	0.0	0.0	0.0	0.0	0.0	0.0	0.0	0.0
Berchemia.lineata	0.101257189987	0.00906629739833	-0.168372919152	-0.0817134295555	0.115604509007	0.0567503145451	0.00171924256201	-0.0435835968716	0.0507173123008	0.0338542903178	-0.00809083171477	-0.00425577495595	0.0183082721489	0.0116519491831	0.00237531541329	0.0200471828442	0.0195460632266	0.00305497421373	0.00884807784711	0.00875082313954	-0.0174845290461	-0.00244166585221	0.00295831894811	-0.00333883236293	-0.00317422791161	0.000297904535071	0.0	0.0	0.0	0.0	0.0	0.0	0.0	0.0	0.0	0.0	0.0	0.0	0.0	0.0	0.0	0.0	0.0	0.0	0.0	0.0	0.0	0.0	0.0	0.0	0.0	0.0	0.0	0.0	0.0	0.0	0.0	0.0	0.0	0.0	0.0	0.0	0.0	0.0	0.0	0.0	0.0	0.0	0.0	0.0
Berchemia.loureiroana	-0.165987162156	0.0299070915843	0.0217980122389	0.000589945333669	-0.043120786199	0.0130077061881	-0.0298481104125	-0.0347831976129	-0.00932985259726	-0.0101107455596	0.00888806662946	0.0145623427721	0.00160321053894	0.0061429771025	0.00886702449887	0.00466026164442	0.000546728522235	0.0138079970335	-0.0143994556819	-0.00526821607977	-0.00569311255288	-0.00180826197856	0.00865328040061	-0.00272673098242	-0.00952277037167	-0.00341077617972	0.0	0.0	0.0	0.0	0.0	0.0	0.0	0.0	0.0	0.0	0.0	0.0	0.0	0.0	0.0	0.0	0.0	0.0	0.0	0.0	0.0	0.0	0.0	0.0	0.0	0.0	0.0	0.0	0.0	0.0	0.0	0.0	0.0	0.0	0.0	0.0	0.0	0.0	0.0	0.0	0.0	0.0	0.0	0.0
Berchemia.sinica	-0.0366885648905	-0.0603937782319	0.0475064344845	-0.0698337380382	-0.041387658392	0.0262066927997	0.00503208186473	-0.0212950834385	-0.0134700047946	0.012034667962	-0.0454541427797	-0.00616000023342	-0.0200292140783	-0.0314349998765	0.00118965314648	0.0315332299631	-0.0167891042663	-0.0138590672802	-0.00185727606243	0.000777269780261	0.000248904852515	-0.0103464703456	0.00116037782897	-0.000575422697275	-0.000780052697042	-0.00341693909335	0.0	0.0	0.0	0.0	0.0	0.0	0.0	0.0	0.0	0.0	0.0	0.0	0.0	0.0	0.0	0.0	0.0	0.0	0.0	0.0	0.0	0.0	0.0	0.0	0.0	0.0	0.0	0.0	0.0	0.0	0.0	0.0	0.0	0.0	0.0	0.0	0.0	0.0	0.0	0.0	0.0	0.0	0.0	0.0
Berchemia.yunnanensis	-0.294613513462	0.0397471976735	0.0895091428679	0.0928889668282	0.0041644921114	0.0672730426718	-0.0117519345007	0.0503128132036	0.0834638717342	0.0204145460691	-0.0406209840433	0.0310064410266	-0.00625207713142	-0.0493862747062	-0.0183940758172	-0.0225153624552	-0.0172379687159	-0.00221894244535	-0.00871284131405	0.00226273428166	-0.009144423011	-0.00291435970138	0.000433477809694	0.00147453326929	-0.00274632876264	-0.00124284460825	0.0	0.0	0.0	0.0	0.0	0.0	0.0	0.0	0.0	0.0	0.0	0.0	0.0	0.0	0.0	0.0	0.0	0.0	0.0	0.0	0.0	0.0	0.0	0.0	0.0	0.0	0.0	0.0	0.0	0.0	0.0	0.0	0.0	0.0	0.0	0.0	0.0	0.0	0.0	0.0	0.0	0.0	0.0	0.0
Ceanothus.asiaticus	0.0244564687218	0.0363248127783	-0.118630989967	-0.148844150787	-0.159965204063	0.0821244917953	0.248568283423	0.0446731086591	0.0108892953103	-0.020721414001	-0.0135604899397	-0.000250999421158	0.0331638405946	0.0211704920401	-0.0070330542944	-0.0138265191884	-0.0125202422766	0.0193244224401	-0.00253824868196	-0.00181405136239	0.00209970249858	-0.00136102721673	1.04341567304e-05	0.000873196210837	-0.000823572559629	0.000293699567377	0.0	0.0	0.0	0.0	0.0	0.0	0.0	0.0	0.0	0.0	0.0	0.0	0.0	0.0	0.0	0.0	0.0	0.0	0.0	0.0	0.0	0.0	0.0	0.0	0.0	0.0	0.0	0.0	0.0	0.0	0.0	0.0	0.0	0.0	0.0	0.0	0.0	0.0	0.0	0.0	0.0	0.0	0.0	0.0
Colubrina.arborescens	-0.0736644098684	0.346675687842	-0.00938785680485	-0.0670936119725	0.106506471906	0.0673386277764	-0.0157088991098	-0.0417774685324	0.0430073036863	0.0224743159863	-0.0125753805716	-0.00654665737026	0.0132417457591	-0.000555405169903	-0.00150894889139	0.000606938419839	0.0100894883474	-0.00219922134619	0.00495044132799	0.00686541645536	0.00498534895411	0.00606135548694	-0.00147740625562	0.000588964809035	-0.000966991980739	-6.13491451621e-05	0.0	0.0	0.0	0.0	0.0	0.0	0.0	0.0	0.0	0.0	0.0	0.0	0.0	0.0	0.0	0.0	0.0	0.0	0.0	0.0	0.0	0.0	0.0	0.0	0.0	0.0	0.0	0.0	0.0	0.0	0.0	0.0	0.0	0.0	0.0	0.0	0.0	0.0	0.0	0.0	0.0	0.0	0.0	0.0
Colubrina.asiatica	0.170604598307	0.0787907616474	0.010070556346	0.0190881431329	-0.0413307559323	0.0394535525137	-0.0276385900641	0.0388391633097	-0.0373244184568	-0.025788068226	-0.020953365599	-0.0181207934269	0.0391697537757	-0.0477863366363	0.0163064201457	0.0125490724647	-0.01369376708	-0.00749963114225	0.00846315034312	0.00111748084246	0.000520555041641	0.00387182365577	0.00606416106318	0.000237597554758	0.00457899830163	0.00274087181998	0.0	0.0	0.0	0.0	0.0	0.0	0.0	0.0	0.0	0.0	0.0	0.0	0.0	0.0	0.0	0.0	0.0	0.0	0.0	0.0	0.0	0.0	0.0	0.0	0.0	0.0	0.0	0.0	0.0	0.0	0.0	0.0	0.0	0.0	0.0	0.0	0.0	0.0	0.0	0.0	0.0	0.0	0.0	0.0
Colubrina.pubescens	0.0446791842745	0.044299004602	-0.0341845999312	-0.0405105317592	-0.0170061536002	0.0366665062525	0.00712947402289	0.0217215135928	0.0042956091122	-0.00480488292881	0.00479745085374	0.0271102833999	-0.000643793242836	-0.00754182530121	0.0383932500031	0.010872821947	0.0200505577906	-0.00866191811905	0.00830462935484	0.0128209685579	0.00760548892497	0.0166701648519	-0.00292242287714	0.000400483148004	-0.00150652671479	0.00300833714497	0.0	0.0	0.0	0.0	0.0	0.0	0.0	0.0	0.0	0.0	0.0	0.0	0.0	0.0	0.0	0.0	0.0	0.0	0.0	0.0	0.0	0.0	0.0	0.0	0.0	0.0	0.0	0.0	0.0	0.0	0.0	0.0	0.0	0.0	0.0	0.0	0.0	0.0	0.0	0.0	0.0	0.0	0.0	0.0
Colubrina.spinosa	0.413897510234	0.0467189363175	0.0518384903032	0.243157311539	-0.0277580143938	-0.0935931554044	0.122231403499	-0.119161461141	0.0854302243116	0.003379972175	0.0695204322812	0.0137821610771	0.0060084668133	-0.019073391613	0.000741641521236	0.0058303372878	-0.000825835043477	-0.0202526793447	0.00913780149945	0.00628743106947	0.00102237679152	0.00284866336783	-0.0023575035584	-0.00110894347075	-0.000418123117519	-4.43719600454e-05	0.0	0.0	0.0	0.0	0.0	0.0	0.0	0.0	0.0	0.0	0.0	0.0	0.0	0.0	0.0	0.0	0.0	0.0	0.0	0.0	0.0	0.0	0.0	0.0	0.0	0.0	0.0	0.0	0.0	0.0	0.0	0.0	0.0	0.0	0.0	0.0	0.0	0.0	0.0	0.0	0.0	0.0	0.0	0.0
Gouania.leptostachya	0.313197257417	-0.0253787649151	-0.0442336940858	0.096040392105	-0.124223995014	0.0337708890608	-0.111876446501	0.0392723416925	0.08969829687	0.0172730416495	-0.0570449579984	-0.0346224155738	-0.0124767098106	0.0524150021204	0.0138517451599	-0.0117553617957	-0.00930756900503	-0.0100722693565	0.00531267963282	0.01007176735	0.0105607023265	0.00555947957525	-0.00152918444664	-0.00219545384544	-0.00423751397564	-0.000320047750555	0.0	0.0	0.0	0.0	0.0	0.0	0.0	0.0	0.0	0.0	0.0	0.0	0.0	0.0	0.0	0.0	0.0	0.0	0.0	0.0	0.0	0.0	0.0	0.0	0.0	0.0	0.0	0.0	0.0	0.0	0.0	0.0	0.0	0.0	0.0	0.0	0.0	0.0	0.0	0.0	0.0	0.0	0.0	0.0
Guoania.javanica	0.215949967627	-0.0421708894359	0.00438307414883	-0.0474166848062	-0.0131309340263	0.0327690848118	-0.0654109213238	0.00369424788548	0.0450180958063	-0.0469522715141	0.0213531337182	0.00416218062124	0.0317201343598	-0.000655473422202	-0.0110855597519	0.0242357887102	0.0239128582071	0.0301574792202	-0.00708038320909	-0.00239735644203	0.00419106938915	-0.00538800078113	0.00234598427851	0.00746179428617	0.0040386093021	-0.000229569963014	0.0	0.0	0.0	0.0	0.0	0.0	0.0	0.0	0.0	0.0	0.0	0.0	0.0	0.0	0.0	0.0	0.0	0.0	0.0	0.0	0.0	0.0	0.0	0.0	0.0	0.0	0.0	0.0	0.0	0.0	0.0	0.0	0.0	0.0	0.0	0.0	0.0	0.0	0.0	0.0	0.0	0.0	0.0	0.0
Gouania.hypoglauca	0.277440454931	-0.0100825510802	-0.0158707731571	0.0590515261153	0.0224660376267	0.0586711213569	-0.0145490662147	-0.00574616597945	-0.0456085183428	-0.0252159133778	-0.0530216390861	-0.0388752206745	-0.000376699753908	-0.0167159442232	0.00527015051982	-0.00935071227518	-0.00920933624334	0.0105760301286	-0.0102429477639	-0.00610669781077	-0.00680232868196	0.00905777108309	-0.00891899615419	-0.00336640114068	-0.00543478972586	-0.00301035050256	0.0	0.0	0.0	0.0	0.0	0.0	0.0	0.0	0.0	0.0	0.0	0.0	0.0	0.0	0.0	0.0	0.0	0.0	0.0	0.0	0.0	0.0	0.0	0.0	0.0	0.0	0.0	0.0	0.0	0.0	0.0	0.0	0.0	0.0	0.0	0.0	0.0	0.0	0.0	0.0	0.0	0.0	0.0	0.0
Gouania.polygama	0.386671148425	0.0306720980871	0.0717545385743	0.0963927366076	0.0225368252064	-0.137049051085	0.0486234720749	0.05058919159	-0.0040572835471	-0.0199958763271	-0.0567743161967	-0.0329225506319	-0.016123253218	0.0243381928157	0.0182210102121	0.00891663150386	-0.00317509920926	0.00348598168537	-0.0132760354985	-0.00344663155126	-0.00914338624282	-0.00821697804756	0.00163384532874	0.00136452403475	0.000745449091346	-0.000991152776487	0.0	0.0	0.0	0.0	0.0	0.0	0.0	0.0	0.0	0.0	0.0	0.0	0.0	0.0	0.0	0.0	0.0	0.0	0.0	0.0	0.0	0.0	0.0	0.0	0.0	0.0	0.0	0.0	0.0	0.0	0.0	0.0	0.0	0.0	0.0	0.0	0.0	0.0	0.0	0.0	0.0	0.0	0.0	0.0
Hovenia.acerba	0.172305832551	0.0551704346777	0.0283563500844	-0.0138023929191	-0.0198857415384	-0.0303905574251	-0.0230007928823	0.0765474341709	-0.0370079470622	-0.0232039206548	0.0103907807272	0.0112264467969	0.0125857615824	0.00399379620348	-0.0196616593447	0.0201132274853	0.011020993101	-0.00853781466392	-0.0120860362478	0.0108559302862	0.000180543705989	-0.0117701225015	-0.00516166521198	-0.00303115389264	-0.00566237501253	-0.00369504247724	0.0	0.0	0.0	0.0	0.0	0.0	0.0	0.0	0.0	0.0	0.0	0.0	0.0	0.0	0.0	0.0	0.0	0.0	0.0	0.0	0.0	0.0	0.0	0.0	0.0	0.0	0.0	0.0	0.0	0.0	0.0	0.0	0.0	0.0	0.0	0.0	0.0	0.0	0.0	0.0	0.0	0.0	0.0	0.0
Hovenia.acerba var. kiukiangensis	0.0978134514642	-0.0650004444181	0.109243555691	-0.084322711629	-0.00346568940945	0.0545352398942	0.000489518415724	-0.0268083435016	0.0290216276827	0.0315509293549	0.0186881442615	0.0379778895612	-0.0297685279615	0.0191155747201	0.0200883187416	-0.0179666388029	0.000815695243535	1.05255235646e-05	-0.00714463671952	-0.00690771619845	0.00356526239717	0.0091804096253	-0.00743132522869	-0.000410868142361	-0.00108909129253	0.000142829228932	0.0	0.0	0.0	0.0	0.0	0.0	0.0	0.0	0.0	0.0	0.0	0.0	0.0	0.0	0.0	0.0	0.0	0.0	0.0	0.0	0.0	0.0	0.0	0.0	0.0	0.0	0.0	0.0	0.0	0.0	0.0	0.0	0.0	0.0	0.0	0.0	0.0	0.0	0.0	0.0	0.0	0.0	0.0	0.0
Karwinskia.calderonii	-0.233463330128	0.173513507142	0.0879120115574	-0.01093932733	-0.102056019786	-0.112192716266	-0.0244343909436	0.0327378098679	-0.000269292191346	-0.00684693801921	-0.034564604199	0.0418909783172	0.0283068451739	-0.00175146075241	0.00916195999347	0.00511267902415	0.0159030597662	-0.0131885838292	0.00663903770375	-0.00246544369295	-0.00317645483424	0.00113981007464	0.000868409629005	-0.0028599701334	0.000876397641836	-0.000356461618961	0.0	0.0	0.0	0.0	0.0	0.0	0.0	0.0	0.0	0.0	0.0	0.0	0.0	0.0	0.0	0.0	0.0	0.0	0.0	0.0	0.0	0.0	0.0	0.0	0.0	0.0	0.0	0.0	0.0	0.0	0.0	0.0	0.0	0.0	0.0	0.0	0.0	0.0	0.0	0.0	0.0	0.0	0.0	0.0
Krugiodendron.ferreum	0.17977928754	-0.0658679764283	0.0478661814346	-0.0986784907303	0.052670828477	0.034011284918	0.01173800368	-0.0174761782335	-0.00250441709095	-0.0530975861717	-0.00383490417279	-0.035832332874	0.0172383001559	-0.0300153059988	0.0587629281125	0.0148718500388	-0.0116846763107	-0.0209282410827	0.00623774096875	0.00522215902109	0.00170440622594	-0.003218305703	0.00419236567779	-0.00207099865708	-0.00176755356361	0.000275965073106	0.0	0.0	0.0	0.0	0.0	0.0	0.0	0.0	0.0	0.0	0.0	0.0	0.0	0.0	0.0	0.0	0.0	0.0	0.0	0.0	0.0	0.0	0.0	0.0	0.0	0.0	0.0	0.0	0.0	0.0	0.0	0.0	0.0	0.0	0.0	0.0	0.0	0.0	0.0	0.0	0.0	0.0	0.0	0.0
Paliurus.perforatus	-0.12620843384	0.0472215050923	0.251177519326	-0.131960763365	-0.0905043922191	-0.0642837520447	-0.0335790323457	-0.0754006454855	0.0048223322544	-0.0180777197071	0.0416480648586	-0.0541608982449	-0.0251373257142	0.00451551534461	-0.00711615746215	0.000444876227902	0.00349079222594	0.0071445110197	0.00851065467761	-0.00392430160207	0.000275153136865	-0.00411618105273	0.00228014642373	0.00129106948399	-0.00175660286343	0.000837335528401	0.0	0.0	0.0	0.0	0.0	0.0	0.0	0.0	0.0	0.0	0.0	0.0	0.0	0.0	0.0	0.0	0.0	0.0	0.0	0.0	0.0	0.0	0.0	0.0	0.0	0.0	0.0	0.0	0.0	0.0	0.0	0.0	0.0	0.0	0.0	0.0	0.0	0.0	0.0	0.0	0.0	0.0	0.0	0.0
Rhamnella.franguloides	-0.148092832009	0.0320591769591	0.0607062573203	-0.0118659487903	-0.0274289788355	-0.0278748267262	-0.0070864485876	-0.0120909045074	-0.0294718842332	-0.0214563223335	-0.00123288881196	0.0177197125475	-0.0104204550911	0.00807639970707	-0.00451751526424	-0.0088832411811	-0.00772231533705	0.00437549022168	-0.0139500483599	0.00974542884622	0.00595888808052	0.00985270366511	-0.0111983948574	0.000650181691614	0.00389184120959	-0.0028616436171	0.0	0.0	0.0	0.0	0.0	0.0	0.0	0.0	0.0	0.0	0.0	0.0	0.0	0.0	0.0	0.0	0.0	0.0	0.0	0.0	0.0	0.0	0.0	0.0	0.0	0.0	0.0	0.0	0.0	0.0	0.0	0.0	0.0	0.0	0.0	0.0	0.0	0.0	0.0	0.0	0.0	0.0	0.0	0.0
Rhamnella.tonkinensis	-0.0302943753547	0.00318044737918	-0.0111080731031	-0.0371311974584	-0.0292350872516	0.00172643731999	-0.00160831226693	-0.0200993016094	0.0124440655385	-0.0244208501092	-0.00230442396451	-0.0247445115891	-0.00936749664023	-0.0177313863892	0.00128632529841	0.0129487394085	-0.00941603459878	0.00507782320987	0.00933539215286	-0.0150120325382	0.00526884345485	0.00894199723615	0.00102249162474	0.00712476718755	-0.00149027756349	0.000838943980719	0.0	0.0	0.0	0.0	0.0	0.0	0.0	0.0	0.0	0.0	0.0	0.0	0.0	0.0	0.0	0.0	0.0	0.0	0.0	0.0	0.0	0.0	0.0	0.0	0.0	0.0	0.0	0.0	0.0	0.0	0.0	0.0	0.0	0.0	0.0	0.0	0.0	0.0	0.0	0.0	0.0	0.0	0.0	0.0
Rhamnus.crenata	-0.0111092051018	0.0739667993136	-0.100113157226	-0.0407501507484	0.00302151541426	0.0259293183133	-0.0120203954108	-0.0101056516673	0.0420859843935	-0.00352889501771	-0.00778910303784	-0.0135738861473	-0.00463229625019	-0.0271774890959	-0.00620377524507	-0.0108752678518	-0.0126499060004	-0.0146755481144	-0.00784899512861	-0.0100925176095	0.00217651122992	-0.00018703308982	0.0036222925685	-0.000758816179694	0.0088390794597	-0.00406308298447	0.0	0.0	0.0	0.0	0.0	0.0	0.0	0.0	0.0	0.0	0.0	0.0	0.0	0.0	0.0	0.0	0.0	0.0	0.0	0.0	0.0	0.0	0.0	0.0	0.0	0.0	0.0	0.0	0.0	0.0	0.0	0.0	0.0	0.0	0.0	0.0	0.0	0.0	0.0	0.0	0.0	0.0	0.0	0.0
Rhamnus.davurica	-0.199541206324	0.0522604639634	-0.0358781412059	0.0305653076953	-0.0448521399822	-0.000779352506736	-0.0235771614103	-0.0139784158458	-0.0167497119759	0.011696219243	-0.00726878845715	-0.00240353920588	0.0209191816015	0.00787616008851	0.000238306400187	-0.0138524608982	0.0131957690694	-0.0296009591108	-0.0106782204935	-0.00828549661282	0.00349977527313	-0.00670831576195	-0.0101322054037	0.00668086276967	-1.41426878388e-05	0.00506098698518	0.0	0.0	0.0	0.0	0.0	0.0	0.0	0.0	0.0	0.0	0.0	0.0	0.0	0.0	0.0	0.0	0.0	0.0	0.0	0.0	0.0	0.0	0.0	0.0	0.0	0.0	0.0	0.0	0.0	0.0	0.0	0.0	0.0	0.0	0.0	0.0	0.0	0.0	0.0	0.0	0.0	0.0	0.0	0.0
Rhamnus.diamantiaca	-0.0863512711747	-0.173386847686	-0.0980015619334	0.0459239997037	0.00530607846149	-0.00192297001356	-0.00312582206554	0.0063575298509	-0.00395932913343	-0.0226970260269	-0.00156657517245	-0.00015460408754	0.0172257610415	0.00147361855609	0.0125213862912	-0.000885815993555	0.0102098756461	-0.0283908805145	-0.00203687431344	-0.0169500411494	-0.00750782463996	-0.00229076123197	-0.0149356243795	-0.000129706795515	-0.0057614918757	-0.00206392019142	0.0	0.0	0.0	0.0	0.0	0.0	0.0	0.0	0.0	0.0	0.0	0.0	0.0	0.0	0.0	0.0	0.0	0.0	0.0	0.0	0.0	0.0	0.0	0.0	0.0	0.0	0.0	0.0	0.0	0.0	0.0	0.0	0.0	0.0	0.0	0.0	0.0	0.0	0.0	0.0	0.0	0.0	0.0	0.0
Rhamnus.erythroxylon	-0.312686042075	0.216088032673	-0.149949794976	0.21292266413	0.0557480082134	0.00892699737238	0.0358919545803	0.0205856476351	-0.0332011135953	-0.0494104056813	0.0265445394726	-0.00886403445715	-0.0132029825508	0.0142022428905	-1.99372911416e-05	0.00944017611571	-0.00390191686658	0.000149068593063	0.00273528197212	0.00121553436977	0.000848695586242	-0.00312574635463	0.00173118871188	0.000754812291568	-0.00166707234012	-0.00161584518888	0.0	0.0	0.0	0.0	0.0	0.0	0.0	0.0	0.0	0.0	0.0	0.0	0.0	0.0	0.0	0.0	0.0	0.0	0.0	0.0	0.0	0.0	0.0	0.0	0.0	0.0	0.0	0.0	0.0	0.0	0.0	0.0	0.0	0.0	0.0	0.0	0.0	0.0	0.0	0.0	0.0	0.0	0.0	0.0
Rhamnus.globosa	-0.119237615382	-0.0213750010483	0.0292632159477	-0.0192912489344	-0.00384215588972	-0.00390194470916	-0.00778433836668	-0.0402761268283	-0.0190875748697	0.0154326189856	-0.00293953075672	-0.0174773970266	0.00950528603256	-0.00202997745272	0.00831735519986	-0.0115999988214	-0.0108780139657	0.00445397054475	-0.0171607537689	0.0118764060868	0.000597419082761	5.04225686097e-06	0.00539264322733	0.00659089153383	-0.000755120464651	0.00766780681039	0.0	0.0	0.0	0.0	0.0	0.0	0.0	0.0	0.0	0.0	0.0	0.0	0.0	0.0	0.0	0.0	0.0	0.0	0.0	0.0	0.0	0.0	0.0	0.0	0.0	0.0	0.0	0.0	0.0	0.0	0.0	0.0	0.0	0.0	0.0	0.0	0.0	0.0	0.0	0.0	0.0	0.0	0.0	0.0
Rhamnus.hainanensis	-0.0981135528699	-0.199821955422	-0.0756367649673	0.036303205058	0.0262883101498	0.017069336659	0.00140956924345	-0.0332564765766	-0.0141542219289	0.0384743914597	0.00226178224646	-0.0141288091927	0.0160270402111	0.0104183816393	0.00449909002166	-0.0159310099252	-0.00177102694847	-0.0111665440677	-0.0104288762238	-0.00396810806721	0.00626803146679	0.00389368331053	0.00330038717541	0.0152154694397	-0.00138307641845	0.00196046781087	0.0	0.0	0.0	0.0	0.0	0.0	0.0	0.0	0.0	0.0	0.0	0.0	0.0	0.0	0.0	0.0	0.0	0.0	0.0	0.0	0.0	0.0	0.0	0.0	0.0	0.0	0.0	0.0	0.0	0.0	0.0	0.0	0.0	0.0	0.0	0.0	0.0	0.0	0.0	0.0	0.0	0.0	0.0	0.0
Rhamnus.koraiensis	-0.169698964412	0.0241595496261	0.0185922982587	0.0152156911921	0.0640494629542	-0.0121144058073	0.0413076719104	-0.0534069251429	-0.100252733402	0.023332722998	-0.0308170173966	0.0113412094798	-0.00149188572001	0.0180181118846	0.00566880600116	-0.000978560914435	-0.0109819798871	-0.016879901348	-4.88681246297e-06	0.00777359658517	0.00233717830275	0.00105409566479	0.00165495523319	-0.000373085203393	-0.00291265460438	-0.00359865191783	0.0	0.0	0.0	0.0	0.0	0.0	0.0	0.0	0.0	0.0	0.0	0.0	0.0	0.0	0.0	0.0	0.0	0.0	0.0	0.0	0.0	0.0	0.0	0.0	0.0	0.0	0.0	0.0	0.0	0.0	0.0	0.0	0.0	0.0	0.0	0.0	0.0	0.0	0.0	0.0	0.0	0.0	0.0	0.0
Rhamnus.leptophylla	-0.284046662904	0.0542699642315	0.0720207145934	0.102351988044	0.0715702930927	0.0248442588107	0.048768080132	0.00612899534022	-0.0381439075827	0.0145287771355	0.014846108767	-0.0226273055288	-0.00737923051192	0.0184620520452	0.00717606907168	0.0099309093791	-0.00985262814939	0.00479111952557	0.00384371388039	0.00321405590291	0.0149472544308	0.00231960688773	-0.00132114791388	-0.00390447036953	0.000623090838738	0.00216663513342	0.0	0.0	0.0	0.0	0.0	0.0	0.0	0.0	0.0	0.0	0.0	0.0	0.0	0.0	0.0	0.0	0.0	0.0	0.0	0.0	0.0	0.0	0.0	0.0	0.0	0.0	0.0	0.0	0.0	0.0	0.0	0.0	0.0	0.0	0.0	0.0	0.0	0.0	0.0	0.0	0.0	0.0	0.0	0.0
Rhamnus.longipes	-0.258672802268	0.0217918731912	0.013959284653	0.095735023447	-0.019752353345	-0.00787897823453	0.00312324893405	0.0653033810567	0.0271737599784	0.0108810114976	0.0344889163828	-0.0162165478306	-0.0195748883143	-0.0166629700055	-0.000447576572834	-0.00332922932057	0.00138568137451	0.0112464256451	0.0103362913556	0.00538881518858	-0.016067508543	0.00578096023499	-0.00187995090147	0.00851335402586	0.00132672703786	0.00114218569903	0.0	0.0	0.0	0.0	0.0	0.0	0.0	0.0	0.0	0.0	0.0	0.0	0.0	0.0	0.0	0.0	0.0	0.0	0.0	0.0	0.0	0.0	0.0	0.0	0.0	0.0	0.0	0.0	0.0	0.0	0.0	0.0	0.0	0.0	0.0	0.0	0.0	0.0	0.0	0.0	0.0	0.0	0.0	0.0
Rhamnus.napalensis	-0.0187710546225	0.0918584683334	-0.0370048807362	-0.0625563906801	0.00626734178371	-0.0406534718737	0.0208535815868	0.0495199315974	-0.000941110145137	0.0555138673795	0.0119927282329	-0.00923172492332	-0.0230491795769	0.00536769368333	-0.00903495424207	-0.000254813867072	0.0105425081729	-0.0154319011768	-0.0160693980413	0.00682783236892	0.00773890477576	0.00313327643149	0.0167476072214	-0.000670017316908	0.00602642860684	-0.00169060465825	0.0	0.0	0.0	0.0	0.0	0.0	0.0	0.0	0.0	0.0	0.0	0.0	0.0	0.0	0.0	0.0	0.0	0.0	0.0	0.0	0.0	0.0	0.0	0.0	0.0	0.0	0.0	0.0	0.0	0.0	0.0	0.0	0.0	0.0	0.0	0.0	0.0	0.0	0.0	0.0	0.0	0.0	0.0	0.0
Rhamnus.oreodendron	-0.0168799885789	0.0679070703284	-0.0212741984617	-0.0495005803647	0.0230750843892	-0.0483599914755	0.0152508797257	0.00210780525929	0.0136930057421	0.00439700501239	-0.0115384309193	-0.0131683038235	0.00215535408586	0.0023130045194	-0.00883130948264	0.012725320451	-0.00614347944816	0.00597378082826	0.0125595257214	-0.0112878081847	0.008541834761	-0.000849920549088	-0.00534811195039	0.0203324189568	0.00113876584424	-0.00681217805419	0.0	0.0	0.0	0.0	0.0	0.0	0.0	0.0	0.0	0.0	0.0	0.0	0.0	0.0	0.0	0.0	0.0	0.0	0.0	0.0	0.0	0.0	0.0	0.0	0.0	0.0	0.0	0.0	0.0	0.0	0.0	0.0	0.0	0.0	0.0	0.0	0.0	0.0	0.0	0.0	0.0	0.0	0.0	0.0
Rhamnus.parvifolia	-0.00811455673973	-0.0807190861521	-0.120990132767	-0.0259653011354	0.0084633964579	-0.0785647550205	-0.00487457283946	-0.018293750752	-0.00716200318249	-0.00299130508567	-0.0149990965701	0.00948225660729	0.0105841405497	-0.0020708578602	0.00420392252019	-0.00547739841198	-0.00708457999501	0.00188539242268	-0.0227873731484	0.00990245898335	-0.00117226159737	0.00285485037049	0.000939670228196	0.00592643254185	-0.00400681145137	0.00508703463781	0.0	0.0	0.0	0.0	0.0	0.0	0.0	0.0	0.0	0.0	0.0	0.0	0.0	0.0	0.0	0.0	0.0	0.0	0.0	0.0	0.0	0.0	0.0	0.0	0.0	0.0	0.0	0.0	0.0	0.0	0.0	0.0	0.0	0.0	0.0	0.0	0.0	0.0	0.0	0.0	0.0	0.0	0.0	0.0
Rhamnus.rosthornii	0.0761311889984	0.141813802733	0.00338655007319	-0.089491758818	0.0550675930405	-0.0564099701399	-0.0212318277001	0.054433447872	0.0125342205437	0.0486471532829	0.0404574718832	0.0451884134625	-0.0041921303358	-0.0155548988955	0.0541536633491	0.0047044230792	-0.0258047345144	0.0271645587615	-0.00750175680639	-0.0080547528716	0.004721161626	-0.00569690266397	-0.00871244772932	0.00234457425091	-0.000556975269571	0.000571131281987	0.0	0.0	0.0	0.0	0.0	0.0	0.0	0.0	0.0	0.0	0.0	0.0	0.0	0.0	0.0	0.0	0.0	0.0	0.0	0.0	0.0	0.0	0.0	0.0	0.0	0.0	0.0	0.0	0.0	0.0	0.0	0.0	0.0	0.0	0.0	0.0	0.0	0.0	0.0	0.0	0.0	0.0	0.0	0.0
Rhamnus.sphaerosperma	0.0144056130804	-0.103530545011	-0.0720729259903	-0.0833358053925	0.014907156363	-0.0880289401401	0.00291941795144	-0.0243228109945	-0.000797232327826	0.0619144356109	-0.0375413096819	0.00269526652599	0.00402284902177	-0.0121823927231	-0.0131647359269	0.011680017818	-0.0188494702583	0.0104214829698	0.0194190960862	-0.00380524741757	0.00596262531915	-0.00112659683516	0.00344905561492	-0.000600371949459	-0.0032558384041	-0.00641421172308	0.0	0.0	0.0	0.0	0.0	0.0	0.0	0.0	0.0	0.0	0.0	0.0	0.0	0.0	0.0	0.0	0.0	0.0	0.0	0.0	0.0	0.0	0.0	0.0	0.0	0.0	0.0	0.0	0.0	0.0	0.0	0.0	0.0	0.0	0.0	0.0	0.0	0.0	0.0	0.0	0.0	0.0	0.0	0.0
Rhamnus.subapetala	-0.0812073434183	-0.164801921025	-0.100459226351	0.0401421586765	0.0630592760739	-0.0240650828561	0.000484165451557	0.00499990754793	0.023683365518	0.0158496420419	0.0186152142972	-0.0265225358842	0.0279369710589	0.0122660780649	-0.00444286949992	-0.0103191387863	-0.00116447165002	0.0153391905316	-0.00432383440923	-0.0116735282057	-1.39623919221e-06	-0.00371292758976	-0.00133846796527	-0.00311385261806	0.00650148091605	0.000694461574028	0.0	0.0	0.0	0.0	0.0	0.0	0.0	0.0	0.0	0.0	0.0	0.0	0.0	0.0	0.0	0.0	0.0	0.0	0.0	0.0	0.0	0.0	0.0	0.0	0.0	0.0	0.0	0.0	0.0	0.0	0.0	0.0	0.0	0.0	0.0	0.0	0.0	0.0	0.0	0.0	0.0	0.0	0.0	0.0
Rhamnus.utilis	-0.0943377451735	0.0523057649406	-0.0484332844948	-0.0218503149657	-0.0169574057212	-0.0380856050402	-0.00994963752478	0.00386977227321	-0.00231100357668	0.0244862070662	-0.0129773378016	0.00271308982829	-0.0139713177621	-0.00987144628548	-0.023037797195	0.00209083762697	-0.00621389967981	0.00631547992759	0.0139803613983	-0.00233568016315	0.0101124724935	-0.00643103649698	0.0111285555665	-0.00606795388472	-0.0168295198103	0.00347236090424	0.0	0.0	0.0	0.0	0.0	0.0	0.0	0.0	0.0	0.0	0.0	0.0	0.0	0.0	0.0	0.0	0.0	0.0	0.0	0.0	0.0	0.0	0.0	0.0	0.0	0.0	0.0	0.0	0.0	0.0	0.0	0.0	0.0	0.0	0.0	0.0	0.0	0.0	0.0	0.0	0.0	0.0	0.0	0.0
Sageretia.pauciflora	-0.0592445902966	-0.00958836137845	0.000120877089668	-0.0290278486053	-0.00986796800234	-0.0423761635871	0.00368537885551	-0.000253103325083	-0.00672852062165	-0.00247270424456	-0.00622199473786	-0.00281299514788	-0.00856296082847	-0.00302049027157	-0.0107965617767	0.000368435100231	-0.00217755534828	0.00515791078917	0.00166509801264	-0.00376733686029	0.00444576343756	0.00282307174466	0.00338028446528	-0.00980805384083	-0.00618431224648	0.0105357801982	0.0	0.0	0.0	0.0	0.0	0.0	0.0	0.0	0.0	0.0	0.0	0.0	0.0	0.0	0.0	0.0	0.0	0.0	0.0	0.0	0.0	0.0	0.0	0.0	0.0	0.0	0.0	0.0	0.0	0.0	0.0	0.0	0.0	0.0	0.0	0.0	0.0	0.0	0.0	0.0	0.0	0.0	0.0	0.0
Sageretia.thea	0.0121552955368	0.097006965551	-0.00134241031967	-0.0733510199131	0.0607853260079	-0.0601683322912	0.0264308728681	0.00514639587312	0.027855558408	0.000587944721572	-0.0192872112871	-0.0150768462179	-0.00323536603918	0.00460313113918	-0.0331206502695	-0.00576273601594	0.00817052156757	-0.00880763719442	0.000526844052967	0.00160646075598	-0.0149746383693	0.00439665964231	-0.00699260033803	-0.00956399749349	0.00650389539215	0.00388647035468	0.0	0.0	0.0	0.0	0.0	0.0	0.0	0.0	0.0	0.0	0.0	0.0	0.0	0.0	0.0	0.0	0.0	0.0	0.0	0.0	0.0	0.0	0.0	0.0	0.0	0.0	0.0	0.0	0.0	0.0	0.0	0.0	0.0	0.0	0.0	0.0	0.0	0.0	0.0	0.0	0.0	0.0	0.0	0.0
Scutia.eberhardtia	0.244469205911	-0.0483931124223	0.0433377369189	-0.0445340866004	0.023162422831	-0.0293740898368	-0.0144782412874	0.0470138940154	-0.0643704971158	-0.011664288396	0.0260922973141	-0.00874912626012	0.0162778701417	0.00452326876215	-0.0200051326529	0.000852973660393	0.00769751511187	0.016151029454	0.0270673156893	0.00882420912221	-0.00847702497384	0.0186506303251	-0.00551771587421	0.00402601595277	0.00312564790415	0.00313467655424	0.0	0.0	0.0	0.0	0.0	0.0	0.0	0.0	0.0	0.0	0.0	0.0	0.0	0.0	0.0	0.0	0.0	0.0	0.0	0.0	0.0	0.0	0.0	0.0	0.0	0.0	0.0	0.0	0.0	0.0	0.0	0.0	0.0	0.0	0.0	0.0	0.0	0.0	0.0	0.0	0.0	0.0	0.0	0.0
Scutia.myrtina	-0.108878542482	0.0218985565596	-0.00309135683593	-0.00256974763042	-0.020413487529	-0.0207229563967	-0.0211746979283	-0.0267061815361	0.000636224361438	-0.0486697703749	0.00792920568448	0.00120140837096	-0.00322245060907	0.00773541974699	-0.000745626310316	-0.0197624281523	-0.00314616047113	0.0137626252332	0.00778436443711	0.00486586619282	0.00230229256336	-0.00583235136926	0.00236848229153	0.00089685091116	0.00304869862744	-0.00351668723131	0.0	0.0	0.0	0.0	0.0	0.0	0.0	0.0	0.0	0.0	0.0	0.0	0.0	0.0	0.0	0.0	0.0	0.0	0.0	0.0	0.0	0.0	0.0	0.0	0.0	0.0	0.0	0.0	0.0	0.0	0.0	0.0	0.0	0.0	0.0	0.0	0.0	0.0	0.0	0.0	0.0	0.0	0.0	0.0
Ventilago.calyculata	-0.176699713923	-0.103949959589	0.056128751407	0.0589072685931	0.0122613128951	0.00918186864927	0.00827961744198	0.0382890342915	0.0178082462722	-0.0183480272484	0.0277283232122	-0.0204883182355	-0.0185419073174	-0.00846481495726	-0.00177053962795	-0.00718446508088	-0.00679069495515	-0.00180814809935	0.0028478008044	0.0143362613802	-0.0209260654944	-0.00138132960924	0.00544235691356	0.0167595640013	-0.00757753728904	-0.00220756371494	0.0	0.0	0.0	0.0	0.0	0.0	0.0	0.0	0.0	0.0	0.0	0.0	0.0	0.0	0.0	0.0	0.0	0.0	0.0	0.0	0.0	0.0	0.0	0.0	0.0	0.0	0.0	0.0	0.0	0.0	0.0	0.0	0.0	0.0	0.0	0.0	0.0	0.0	0.0	0.0	0.0	0.0	0.0	0.0
Ventilago.calyculata var. trichoclada	-0.0809040475707	-0.00433186497935	0.039084502959	-0.0345153855571	0.0389878080001	-0.0205244654128	-0.0206024588182	-0.0498798500073	0.0359965500814	-0.0152279875374	-0.0324360677264	-0.0024986025863	0.0395402516314	-0.00253306620633	-0.00934668901017	-0.015553171608	-0.0167367861986	0.0219430836246	-0.0117584418238	0.0141858683723	-0.00051015196261	0.00174352666541	0.0017755905793	-0.00429097370981	-0.00205664910745	0.000490458397671	0.0	0.0	0.0	0.0	0.0	0.0	0.0	0.0	0.0	0.0	0.0	0.0	0.0	0.0	0.0	0.0	0.0	0.0	0.0	0.0	0.0	0.0	0.0	0.0	0.0	0.0	0.0	0.0	0.0	0.0	0.0	0.0	0.0	0.0	0.0	0.0	0.0	0.0	0.0	0.0	0.0	0.0	0.0	0.0
Ventilago.cristata	-0.113446737547	-0.209512335843	-0.0639655045066	0.071306201181	0.0135631051166	0.0242133451057	0.00493698219477	0.0473016574028	0.0228974569589	-0.0222167987209	-0.00455646394985	0.0255468389875	-0.0199916662527	-0.00356904581339	-0.00400204418573	0.0376503758968	0.00593156881993	0.0113117461388	0.00334386190375	0.0210305178653	0.0121675063436	0.000117718474769	0.00423210995792	-0.000484440184535	0.00332419500608	0.00171523916846	0.0	0.0	0.0	0.0	0.0	0.0	0.0	0.0	0.0	0.0	0.0	0.0	0.0	0.0	0.0	0.0	0.0	0.0	0.0	0.0	0.0	0.0	0.0	0.0	0.0	0.0	0.0	0.0	0.0	0.0	0.0	0.0	0.0	0.0	0.0	0.0	0.0	0.0	0.0	0.0	0.0	0.0	0.0	0.0
Ventilago.denticulate	-0.129890683928	-0.0288002408753	0.0338696934259	-0.00610054341547	-0.000458079552612	-0.0114335817284	-0.00633037886145	-0.0169240353586	-0.00587512203448	0.0120182961084	-0.0110009986829	-0.00432783130554	0.0338273316223	0.000856735277705	0.0153522418822	0.000900318460949	0.0061389027858	-0.00759213513135	0.01318470391	-0.00590779605839	-0.0202006348631	-0.00780779575154	-0.00295292332471	-0.00440568392737	0.00505147147995	0.000784724476405	0.0	0.0	0.0	0.0	0.0	0.0	0.0	0.0	0.0	0.0	0.0	0.0	0.0	0.0	0.0	0.0	0.0	0.0	0.0	0.0	0.0	0.0	0.0	0.0	0.0	0.0	0.0	0.0	0.0	0.0	0.0	0.0	0.0	0.0	0.0	0.0	0.0	0.0	0.0	0.0	0.0	0.0	0.0	0.0
Ventilago.inaequilateralis	-0.161862035403	-0.0824996740833	0.0274255589167	0.0299651408319	0.00799544898206	0.0161245382541	-0.013787795096	-0.000100035602867	0.0181181176494	0.0199549038017	0.0182654248893	-0.00876140475564	0.0219436435423	0.0244537226032	-0.0103114161128	0.0143420471021	0.0191752269943	0.0053931703664	-0.00132974224353	-0.0109250880476	0.00293452104791	-0.00785944872135	0.00352885139009	-0.00275215969037	0.00174032501592	-0.00383434269238	0.0	0.0	0.0	0.0	0.0	0.0	0.0	0.0	0.0	0.0	0.0	0.0	0.0	0.0	0.0	0.0	0.0	0.0	0.0	0.0	0.0	0.0	0.0	0.0	0.0	0.0	0.0	0.0	0.0	0.0	0.0	0.0	0.0	0.0	0.0	0.0	0.0	0.0	0.0	0.0	0.0	0.0	0.0	0.0
Ventilago.leiocarpa	-0.129309884889	-0.0114027359019	-0.0310400358317	-0.0054323617002	-0.0279122877212	-0.0255671756245	-0.0128852492269	-0.0133205552345	-0.0226394553264	0.0519381703008	-0.0017612279996	0.00336363614291	0.00851077100826	-0.00339913581535	0.0116715977726	-0.0039812456098	0.00254104928631	0.00679238195797	0.00508666738443	0.00820186981409	0.00168933151471	0.0107123925629	0.00420489980203	0.00153980909051	0.0119648149009	-0.00605291593929	0.0	0.0	0.0	0.0	0.0	0.0	0.0	0.0	0.0	0.0	0.0	0.0	0.0	0.0	0.0	0.0	0.0	0.0	0.0	0.0	0.0	0.0	0.0	0.0	0.0	0.0	0.0	0.0	0.0	0.0	0.0	0.0	0.0	0.0	0.0	0.0	0.0	0.0	0.0	0.0	0.0	0.0	0.0	0.0
Ventilago.leiocarpa var. pubescens	-0.172378378546	-0.0963012667525	0.0411571151253	0.0490038653652	0.0162662534778	0.0159530219516	0.00449549507807	0.0282826407648	0.00729299103262	0.00901353350392	0.0181745759499	0.00911251800936	-0.0121588679514	-0.00165646282227	0.013605076176	0.00758983176219	-0.0162823847867	0.0189657847601	-0.00266828330213	-0.00558822677749	0.00340823002248	-0.00566394391154	-0.0195068764072	-0.00904844093806	-0.000383922479779	0.0019802411963	0.0	0.0	0.0	0.0	0.0	0.0	0.0	0.0	0.0	0.0	0.0	0.0	0.0	0.0	0.0	0.0	0.0	0.0	0.0	0.0	0.0	0.0	0.0	0.0	0.0	0.0	0.0	0.0	0.0	0.0	0.0	0.0	0.0	0.0	0.0	0.0	0.0	0.0	0.0	0.0	0.0	0.0	0.0	0.0
Ventilago.maderaspatana	-0.215989016403	0.000526698240158	0.0472140072336	0.0620448066068	0.0101722102306	0.036435994839	-0.00344891375047	0.00925752617554	0.0151294017308	-0.0365565663651	0.015254846118	-0.0128017799937	0.0111503480702	0.00735007352578	0.00760109851563	0.0130678872967	0.0127986032641	-0.00145546236284	0.000983244766064	-0.0190242500334	0.0155862372114	0.00358884716521	0.00951618145003	-0.0104537210106	0.00592955490658	0.000455706009696	0.0	0.0	0.0	0.0	0.0	0.0	0.0	0.0	0.0	0.0	0.0	0.0	0.0	0.0	0.0	0.0	0.0	0.0	0.0	0.0	0.0	0.0	0.0	0.0	0.0	0.0	0.0	0.0	0.0	0.0	0.0	0.0	0.0	0.0	0.0	0.0	0.0	0.0	0.0	0.0	0.0	0.0	0.0	0.0
Ventilago.oblongifolia	-0.126602176687	-0.0828232042626	0.0466489693083	0.0111358338021	0.00930411591876	0.0116793469436	-0.00574126659986	-0.0100814739241	-0.00131935958338	-0.0172932166476	-0.0268276690853	0.0327979585474	0.0230310279968	0.0210997873145	-0.0109731415206	0.0179830105043	0.0266778577693	-0.0118777637625	-0.00132476166532	0.00327603552328	0.00693030643028	-0.00454258215816	0.00135664679857	0.00901678190624	-0.00528449408933	0.00218999964918	0.0	0.0	0.0	0.0	0.0	0.0	0.0	0.0	0.0	0.0	0.0	0.0	0.0	0.0	0.0	0.0	0.0	0.0	0.0	0.0	0.0	0.0	0.0	0.0	0.0	0.0	0.0	0.0	0.0	0.0	0.0	0.0	0.0	0.0	0.0	0.0	0.0	0.0	0.0	0.0	0.0	0.0	0.0	0.0
Ventilago.pauciflora	-0.120848395554	-0.203387369255	0.00470375190248	0.0459938048627	0.0136771857368	0.0108838539911	0.0140416675443	0.0207917210619	0.0015739030507	-0.00266597848538	0.0131849059974	-0.0217724931556	-0.0186137740786	-0.0121788688183	0.00801463657042	-0.0107429961768	-0.0095481427248	0.00446731650719	0.000916197275566	-0.00479686236976	-0.00315611217688	0.00460525388941	0.010645858157	-0.0133427719772	0.00182160144456	4.93271690575e-05	0.0	0.0	0.0	0.0	0.0	0.0	0.0	0.0	0.0	0.0	0.0	0.0	0.0	0.0	0.0	0.0	0.0	0.0	0.0	0.0	0.0	0.0	0.0	0.0	0.0	0.0	0.0	0.0	0.0	0.0	0.0	0.0	0.0	0.0	0.0	0.0	0.0	0.0	0.0	0.0	0.0	0.0	0.0	0.0
Ziziphus.apetala	0.241450689418	-0.103235462744	0.0890978279377	0.00161361712083	-0.0383034864436	0.0614796425029	-0.0290897047791	-0.0201217535961	-0.0278950462492	0.0246003405188	0.0795452818021	0.0349642987146	0.0306194363991	0.00127176724135	-0.0363184869765	0.027811822222	-0.0354915462057	-0.0102709214922	-0.0158264525428	0.00282578829926	-0.00821483303068	0.00160329535791	0.000667186123089	-0.00286358963752	-4.96342886834e-05	0.000310711716975	0.0	0.0	0.0	0.0	0.0	0.0	0.0	0.0	0.0	0.0	0.0	0.0	0.0	0.0	0.0	0.0	0.0	0.0	0.0	0.0	0.0	0.0	0.0	0.0	0.0	0.0	0.0	0.0	0.0	0.0	0.0	0.0	0.0	0.0	0.0	0.0	0.0	0.0	0.0	0.0	0.0	0.0	0.0	0.0
Ziziphus.attopensis	0.128538155696	-0.087514014705	0.00656138486124	-0.0973743221731	0.0135067774046	-0.0179828750793	0.0225508321842	0.013175066	-0.00689740670645	0.0118186637973	0.0144549277037	-0.00467727029749	-0.0394029413293	0.0132050330602	0.0221210822019	0.00310657217623	0.0271043047944	-0.000426947885216	-0.0233621969114	-0.00614466751974	-0.0171118985293	0.00591577930279	0.00617555512626	-0.000554638073942	0.00302154152307	-0.00164107988369	0.0	0.0	0.0	0.0	0.0	0.0	0.0	0.0	0.0	0.0	0.0	0.0	0.0	0.0	0.0	0.0	0.0	0.0	0.0	0.0	0.0	0.0	0.0	0.0	0.0	0.0	0.0	0.0	0.0	0.0	0.0	0.0	0.0	0.0	0.0	0.0	0.0	0.0	0.0	0.0	0.0	0.0	0.0	0.0
Ziziphus.cambodiana	0.0587233059692	0.0468098335127	0.0565833727488	-0.0467235672943	0.0210572346878	0.0413986513918	0.00826001162578	0.00292031895748	-0.0057298232647	-0.00902088540002	0.0222451309146	0.0206267684873	-0.0102228243517	0.0107251396824	0.0117411249854	-0.0236991103876	0.0170480385869	-0.000604915344121	0.00596924752097	-0.0163988483284	-0.00482401744185	-0.00442998564515	0.0114429883493	0.00656704632786	-0.00294323453632	0.00489179975137	0.0	0.0	0.0	0.0	0.0	0.0	0.0	0.0	0.0	0.0	0.0	0.0	0.0	0.0	0.0	0.0	0.0	0.0	0.0	0.0	0.0	0.0	0.0	0.0	0.0	0.0	0.0	0.0	0.0	0.0	0.0	0.0	0.0	0.0	0.0	0.0	0.0	0.0	0.0	0.0	0.0	0.0	0.0	0.0
Ziziphus.funiculosa	-0.159616596688	-0.186620518866	0.22334308264	0.00147174664304	0.0285026323827	-0.034979322104	0.0344424392133	0.0485502785369	0.0188486445471	0.019738696737	-0.0204055005456	0.00319029084352	0.0215580395891	0.00255538406001	-0.000352885901669	-0.00544983084155	0.0106824765016	-0.0031070535209	0.00866250536685	-0.00109390204304	0.00562847365198	0.00493078975995	-0.00275484839115	-0.00201763462792	0.00140098224455	-0.000238291828728	0.0	0.0	0.0	0.0	0.0	0.0	0.0	0.0	0.0	0.0	0.0	0.0	0.0	0.0	0.0	0.0	0.0	0.0	0.0	0.0	0.0	0.0	0.0	0.0	0.0	0.0	0.0	0.0	0.0	0.0	0.0	0.0	0.0	0.0	0.0	0.0	0.0	0.0	0.0	0.0	0.0	0.0	0.0	0.0
Ziziphus.guatemalensis	0.284805356766	-0.0295649783339	-0.0127521148749	0.0839927350249	-0.0239950506824	0.000116013256606	0.0246292510915	-0.00980974420103	-0.0407590935683	0.0500305981888	8.58597284401e-05	-0.016103165071	-0.00485755004402	-0.0734075109521	-0.00454624044736	-0.0249020963712	0.0598244653252	0.0185509337136	-0.0105807150094	0.00524622556432	0.0159888682041	-0.00864129883015	-0.00555584100305	-0.00246169188073	-0.00350361843969	-0.00122970968876	0.0	0.0	0.0	0.0	0.0	0.0	0.0	0.0	0.0	0.0	0.0	0.0	0.0	0.0	0.0	0.0	0.0	0.0	0.0	0.0	0.0	0.0	0.0	0.0	0.0	0.0	0.0	0.0	0.0	0.0	0.0	0.0	0.0	0.0	0.0	0.0	0.0	0.0	0.0	0.0	0.0	0.0	0.0	0.0
Ziziphus.horsfieldii	0.270689295784	0.0284261056386	-0.0193930580656	-0.0797716997395	0.127527027856	-0.0529689881789	-0.0125597325019	0.0655873100771	0.0137909297822	-0.0798551268418	0.0245384456101	0.0238499586042	-0.00215464756628	-0.0115620999941	-0.0376919429426	-0.0313336895505	-0.00820982929713	-0.0135666237664	-0.00479274698715	-0.00913395822573	0.010301346942	0.00266715897543	0.00385912231474	-0.000107043312988	-0.00290945768279	-0.00118179032218	0.0	0.0	0.0	0.0	0.0	0.0	0.0	0.0	0.0	0.0	0.0	0.0	0.0	0.0	0.0	0.0	0.0	0.0	0.0	0.0	0.0	0.0	0.0	0.0	0.0	0.0	0.0	0.0	0.0	0.0	0.0	0.0	0.0	0.0	0.0	0.0	0.0	0.0	0.0	0.0	0.0	0.0	0.0	0.0
Ziziphus.incurva	0.290663676717	0.0886611394034	0.172153916954	0.124442850799	0.0599209003535	0.0648827554744	0.0233223577233	-0.0605814266222	-0.0129909306174	-0.0255688265829	-0.0744394334768	0.042841629182	-0.0174954201503	0.0243243880314	0.000185280321145	0.00571391733897	-0.00346569384769	0.0264270424271	-0.00421966092118	-0.00592544550984	-0.00283739066152	-0.00425465156247	0.00458097727292	0.00410452088033	0.0048163472852	0.00131105307679	0.0	0.0	0.0	0.0	0.0	0.0	0.0	0.0	0.0	0.0	0.0	0.0	0.0	0.0	0.0	0.0	0.0	0.0	0.0	0.0	0.0	0.0	0.0	0.0	0.0	0.0	0.0	0.0	0.0	0.0	0.0	0.0	0.0	0.0	0.0	0.0	0.0	0.0	0.0	0.0	0.0	0.0	0.0	0.0
Ziziphus.mauritiana	0.140311232309	0.129288416903	0.0427578042275	0.0613286851481	-0.0255283464104	0.0380073651559	-0.0377171405532	0.0166921806718	-0.0325534867746	0.0393232327385	0.0326730868805	-0.0220141130335	0.0332366566617	0.00241456396691	-0.0213579221439	-0.00546033922319	-0.0137450448626	-0.00733369798091	-0.0113846379043	-0.00619845222544	-0.00380923116226	0.00741853832053	0.00544302831533	-0.0029425438059	-0.00167982024354	-0.00180976751589	0.0	0.0	0.0	0.0	0.0	0.0	0.0	0.0	0.0	0.0	0.0	0.0	0.0	0.0	0.0	0.0	0.0	0.0	0.0	0.0	0.0	0.0	0.0	0.0	0.0	0.0	0.0	0.0	0.0	0.0	0.0	0.0	0.0	0.0	0.0	0.0	0.0	0.0	0.0	0.0	0.0	0.0	0.0	0.0
Ziziphus.oenopolia	0.0173845201282	0.0436918223141	-0.00158470629085	-0.0422418986602	-0.00210766478588	0.0471939638657	0.00423785195864	0.00109539385259	0.000117855383887	-0.00906772684169	0.0424461237403	-0.00729546559475	-0.00994281891431	0.0241215588971	0.00699264962693	-0.00185288492341	0.0144196253881	-6.01560736465e-05	0.00156901302673	0.00470836341319	-0.00161322177109	0.00823677565982	-0.00383378299523	-0.00770199539892	-0.0157309641343	-0.0107128020562	0.0	0.0	0.0	0.0	0.0	0.0	0.0	0.0	0.0	0.0	0.0	0.0	0.0	0.0	0.0	0.0	0.0	0.0	0.0	0.0	0.0	0.0	0.0	0.0	0.0	0.0	0.0	0.0	0.0	0.0	0.0	0.0	0.0	0.0	0.0	0.0	0.0	0.0	0.0	0.0	0.0	0.0	0.0	0.0
Ziziphus.poilaneo	0.0249275598827	-0.099570107711	-0.0731808990639	-0.0589992949547	0.00026026714935	0.018046542857	0.00307995901337	-0.0472477527533	-0.00481599722899	-0.0090696645576	-0.0290473769045	-0.00544337224376	-0.0498202119918	-0.0083533796169	-0.0447610829102	0.0212867924127	-0.00117285592577	-0.00291676326725	0.00514042561102	-0.0089228922584	0.00400256518223	0.00740028703655	-0.0126800113763	0.00222694312485	-0.00091503408333	0.00359094132715	0.0	0.0	0.0	0.0	0.0	0.0	0.0	0.0	0.0	0.0	0.0	0.0	0.0	0.0	0.0	0.0	0.0	0.0	0.0	0.0	0.0	0.0	0.0	0.0	0.0	0.0	0.0	0.0	0.0	0.0	0.0	0.0	0.0	0.0	0.0	0.0	0.0	0.0	0.0	0.0	0.0	0.0	0.0	0.0
Ziziphus.rotundifolia	0.158078217847	0.101652012549	-0.00560362772754	0.0715297551947	-0.0256383929014	0.0563545706033	-0.0442158577916	0.0052595906908	-0.0387669513217	0.0315253684622	0.00961598396284	-0.0294306804297	0.0043701573732	0.0219116555133	-0.0075707559406	-0.0223807133825	0.00107923778565	0.0163418946008	0.0123803088858	0.00305970605302	0.000731899051419	-0.00873421406652	-0.00478957598216	0.00105361529492	0.00267632108342	0.0026975561466	0.0	0.0	0.0	0.0	0.0	0.0	0.0	0.0	0.0	0.0	0.0	0.0	0.0	0.0	0.0	0.0	0.0	0.0	0.0	0.0	0.0	0.0	0.0	0.0	0.0	0.0	0.0	0.0	0.0	0.0	0.0	0.0	0.0	0.0	0.0	0.0	0.0	0.0	0.0	0.0	0.0	0.0	0.0	0.0
Ziziphus.rugosa	0.166243263414	-0.0712417483016	-0.0245434733827	-0.0392375409149	0.00268740136987	0.0620160493768	-0.0199245565169	-0.00195531664723	-0.0304639395517	-0.00973336206671	0.037329676784	0.0233019720566	-0.0221888302809	-0.00166764330546	0.00698633209101	-0.0309565565211	-0.0118844855491	-0.0131838796499	0.0267524330291	0.00506715798978	0.00731119142586	-0.0198040928628	0.00145086601535	0.00266389108688	0.00440418048866	-0.000756034874073	0.0	0.0	0.0	0.0	0.0	0.0	0.0	0.0	0.0	0.0	0.0	0.0	0.0	0.0	0.0	0.0	0.0	0.0	0.0	0.0	0.0	0.0	0.0	0.0	0.0	0.0	0.0	0.0	0.0	0.0	0.0	0.0	0.0	0.0	0.0	0.0	0.0	0.0	0.0	0.0	0.0	0.0	0.0	0.0
Ziziphus.rugosa var. harmandii	-0.0285984018139	-0.131873988618	-0.086598857901	-0.0143065593913	-0.0350897373606	-0.0254818225056	-0.0228373523282	-0.0494903675322	-0.0212665214483	-0.0440842423465	-0.0188824288671	0.038518409225	-0.00588405779954	0.00489122411411	-1.04656136918e-05	-0.0307917862589	0.00597758106487	0.00543607485022	0.0114480132687	0.0136812600392	-0.0109059177726	-0.00491481720814	0.0056521187877	-0.00880496434644	0.00539284338631	-0.00294035450844	0.0	0.0	0.0	0.0	0.0	0.0	0.0	0.0	0.0	0.0	0.0	0.0	0.0	0.0	0.0	0.0	0.0	0.0	0.0	0.0	0.0	0.0	0.0	0.0	0.0	0.0	0.0	0.0	0.0	0.0	0.0	0.0	0.0	0.0	0.0	0.0	0.0	0.0	0.0	0.0	0.0	0.0	0.0	0.0
Ziziphus.thyrsiflora	0.212447113175	-0.0313544997079	-0.021694218266	-0.043750948568	0.0367945555948	-0.044701489472	-0.00251277825161	0.0308191115737	0.0176064882072	0.0174436920614	0.0138238002801	-0.00586726270674	0.00103640717599	0.0320386626951	0.00824877103337	-0.00814608207393	-0.0169858387526	-0.0212000072411	0.00427644037393	0.00868035130116	0.0113654708352	-0.00827638060735	-0.00235185806414	-0.00182390390965	0.000897852688252	0.00292270062999	0.0	0.0	0.0	0.0	0.0	0.0	0.0	0.0	0.0	0.0	0.0	0.0	0.0	0.0	0.0	0.0	0.0	0.0	0.0	0.0	0.0	0.0	0.0	0.0	0.0	0.0	0.0	0.0	0.0	0.0	0.0	0.0	0.0	0.0	0.0	0.0	0.0	0.0	0.0	0.0	0.0	0.0	0.0	0.0

Biplot	0	0

Site constraints	0	0
